Name N E Z
p1 6165285.063 444523.827 139.247
p2 6165289.283 444521.185 139.147
p3 6165294.464 444518.303 139.247
p4 6165299.712 444515.396 139.347
p5 6165304.970 444512.043 139.547
p6 6165310.001 444509.239 139.446
p7 6165314.851 444506.392 139.346
p8 6165320.668 444503.676 139.346
p9 6165325.763 444500.827 139.046
p10 6165330.914 444497.995 138.846
p11 6165336.315 444494.962 138.646
p12 6165341.407 444492.104 138.546
p13 6165346.822 444488.877 138.646
p14 6165350.386 444494.380 138.146
p15 6165345.562 444497.210 138.046
p16 6165340.181 444500.037 137.946
p17 6165335.097 444503.239 138.046
p18 6165329.265 444506.250 138.546
p19 6165323.960 444509.569 138.546
p20 6165318.542 444512.971 138.746
p21 6165313.446 444515.596 138.846
p22 6165308.433 444518.431 139.047
p23 6165303.129 444521.329 139.147
p24 6165298.043 444524.113 139.247
p25 6165292.586 444527.116 139.147
p26 6165295.911 444532.988 138.947
p27 6165301.257 444530.228 138.947
p28 6165306.487 444527.275 138.947
p29 6165311.633 444524.485 138.847
p30 6165316.980 444521.450 138.646
p31 6165322.412 444518.603 138.446
p32 6165327.333 444515.751 138.346
p33 6165332.483 444512.969 138.146
p34 6165337.246 444509.639 137.846
p35 6165342.954 444507.033 137.846
p36 6165347.463 444504.754 137.846
p37 6165351.126 444502.441 137.946
p38 6165354.090 444500.501 137.846
p39 6165357.529 444509.161 137.946
p40 6165352.307 444511.162 137.946
p41 6165347.168 444513.956 138.046
p42 6165341.664 444516.830 138.046
p43 6165336.022 444519.213 138.246
p44 6165330.661 444522.756 138.146
p45 6165325.573 444525.160 138.246
p46 6165320.409 444528.020 138.246
p47 6165314.845 444529.663 138.547
p48 6165309.729 444533.033 138.747
p49 6165305.001 444536.169 138.647
p50 6165299.923 444538.525 138.747
p51 6165303.686 444545.363 138.347
p52 6165308.329 444542.682 138.147
p53 6165313.482 444539.661 138.347
p54 6165318.242 444536.587 138.347
p55 6165323.804 444533.846 138.446
p56 6165328.802 444530.748 138.346
p57 6165334.381 444528.316 138.346
p58 6165339.769 444525.250 138.146
p59 6165344.495 444522.486 138.046
p60 6165349.657 444519.602 138.046
p61 6165354.703 444516.855 137.946
p62 6165359.958 444513.988 137.946
p63 6165365.808 444518.277 138.146
p64 6165362.334 444520.059 138.146
p65 6165358.140 444522.430 138.146
p66 6165353.511 444525.071 138.146
p67 6165348.184 444527.879 138.146
p68 6165342.914 444530.983 138.346
p69 6165337.752 444533.855 138.446
p70 6165332.488 444536.816 138.546
p71 6165327.308 444539.832 138.546
p72 6165321.957 444542.794 138.547
p73 6165316.448 444545.808 138.347
p74 6165311.447 444548.825 138.447
p75 6165306.686 444551.113 138.447
p76 6165309.235 444557.873 138.447
p77 6165314.779 444555.005 138.447
p78 6165319.899 444552.290 138.547
p79 6165325.547 444549.191 138.547
p80 6165330.558 444546.212 138.646
p81 6165335.667 444543.394 138.546
p82 6165341.165 444540.403 138.646
p83 6165346.153 444537.489 138.446
p84 6165351.331 444534.840 138.346
p85 6165356.591 444531.495 138.346
p86 6165361.285 444529.031 138.346
p87 6165364.794 444527.124 138.346
p88 6165368.257 444525.052 138.346
p89 6165371.349 444530.924 138.646
p90 6165368.128 444532.894 138.746
p91 6165364.617 444534.927 138.746
p92 6165359.431 444537.666 138.646
p93 6165354.388 444540.768 138.546
p94 6165349.015 444543.604 138.646
p95 6165343.631 444547.023 138.546
p96 6165338.524 444549.697 138.646
p97 6165333.189 444552.670 138.646
p98 6165327.759 444555.623 138.647
p99 6165322.571 444558.492 138.647
p100 6165317.349 444561.392 138.647
p101 6165312.075 444564.195 138.847
p102 6165309.576 444573.744 139.047
p103 6165315.112 444570.811 138.947
p104 6165320.377 444568.026 138.747
p105 6165325.403 444564.898 138.747
p106 6165330.710 444561.999 138.747
p107 6165335.890 444559.192 138.746
p108 6165341.216 444556.239 138.646
p109 6165346.312 444553.285 138.646
p110 6165351.324 444550.084 138.746
p111 6165356.807 444547.316 138.846
p112 6165361.956 444544.272 138.746
p113 6165367.494 444541.387 138.946
p114 6165372.737 444538.513 139.046
p115 6165375.508 444536.941 139.046
p116 6165378.059 444543.573 139.046
p117 6165373.334 444546.154 139.146
p118 6165368.438 444548.833 139.046
p119 6165363.728 444551.466 138.946
p120 6165359.617 444553.739 138.746
p121 6165354.385 444556.521 138.846
p122 6165349.099 444559.496 138.746
p123 6165343.754 444562.462 138.546
p124 6165338.466 444565.333 138.546
p125 6165333.374 444568.245 138.647
p126 6165328.021 444571.205 138.847
p127 6165322.859 444574.062 138.947
p128 6165317.594 444577.178 138.947
p129 6165312.119 444580.174 139.247
p130 6165315.098 444586.574 139.247
p131 6165320.320 444583.799 138.947
p132 6165325.741 444580.713 138.747
p133 6165331.111 444577.822 138.747
p134 6165336.383 444575.034 138.647
p135 6165341.608 444572.232 138.546
p136 6165346.874 444569.290 138.446
p137 6165351.892 444566.392 138.546
p138 6165357.285 444563.485 138.546
p139 6165362.420 444560.399 138.746
p140 6165366.877 444557.814 138.746
p141 6165371.111 444555.258 138.846
p142 6165375.758 444552.855 138.946
p143 6165380.015 444550.598 138.846
p144 6165383.198 444548.638 138.946
p145 6165386.264 444555.018 138.746
p146 6165381.730 444557.549 138.446
p147 6165377.228 444560.202 138.546
p148 6165371.875 444563.187 138.646
p149 6165366.090 444566.305 138.746
p150 6165360.447 444569.347 138.446
p151 6165354.747 444572.451 138.646
p152 6165349.458 444575.416 138.646
p153 6165344.067 444578.453 138.846
p154 6165338.876 444581.307 138.747
p155 6165333.516 444583.979 138.847
p156 6165328.402 444587.110 138.947
p157 6165322.971 444589.884 139.047
p158 6165317.910 444592.971 139.147
p159 6165320.744 444599.774 139.247
p160 6165325.903 444596.871 139.147
p161 6165331.052 444593.850 138.947
p162 6165336.580 444590.871 138.747
p163 6165341.910 444588.072 138.547
p164 6165347.104 444585.105 138.546
p165 6165352.397 444582.195 138.446
p166 6165357.563 444579.334 138.446
p167 6165362.931 444576.278 138.346
p168 6165367.890 444573.351 138.546
p169 6165373.066 444570.286 138.446
p170 6165378.942 444567.298 138.346
p171 6165382.479 444565.131 138.346
p172 6165389.063 444561.485 138.646
p173 6165392.270 444567.603 138.946
p174 6165386.117 444571.036 138.446
p175 6165379.787 444574.716 138.346
p176 6165374.360 444577.933 138.246
p177 6165368.116 444581.283 138.346
p178 6165362.065 444584.587 138.246
p179 6165355.909 444587.992 138.446
p180 6165349.517 444591.575 138.646
p181 6165343.430 444595.101 138.547
p182 6165337.318 444598.498 138.647
p183 6165331.198 444601.665 138.747
p184 6165325.039 444605.321 138.947
p185 6165326.780 444612.347 139.047
p186 6165332.669 444608.909 138.747
p187 6165339.064 444605.719 138.547
p188 6165345.040 444602.135 138.447
p189 6165351.170 444598.803 138.646
p190 6165357.226 444595.186 138.546
p191 6165363.374 444592.039 138.246
p192 6165369.601 444588.592 138.446
p193 6165375.632 444584.824 138.346
p194 6165381.516 444581.501 138.346
p195 6165387.292 444578.751 138.446
p196 6165392.133 444576.077 138.646
p197 6165391.578 444584.108 138.446
p198 6165386.906 444586.692 138.446
p199 6165382.154 444589.306 138.446
p200 6165377.301 444591.869 138.446
p201 6165372.235 444595.140 138.346
p202 6165367.160 444597.938 138.346
p203 6165362.092 444600.624 138.546
p204 6165356.622 444603.805 138.746
p205 6165351.128 444606.508 138.547
p206 6165346.214 444609.709 138.547
p207 6165340.887 444612.352 138.647
p208 6165335.550 444615.359 138.647
p209 6165330.219 444618.347 139.047
p210 6165333.788 444624.334 139.147
p211 6165339.496 444621.087 138.847
p212 6165345.421 444617.809 138.647
p213 6165351.037 444614.793 138.647
p214 6165356.925 444611.502 138.746
p215 6165362.863 444608.039 138.646
p216 6165368.294 444604.838 138.546
p217 6165374.589 444601.486 138.446
p218 6165381.979 444597.359 138.446
p219 6165388.411 444593.888 138.346
p220 6165394.804 444590.249 138.446
p221 6165400.417 444595.411 138.846
p222 6165395.345 444598.213 138.546
p223 6165390.531 444600.815 138.446
p224 6165385.891 444603.425 138.246
p225 6165379.992 444606.522 138.246
p226 6165373.526 444610.127 138.246
p227 6165367.539 444613.441 138.446
p228 6165361.424 444616.715 138.646
p229 6165355.260 444620.127 138.747
p230 6165349.104 444623.532 138.747
p231 6165343.139 444626.843 138.747
p232 6165337.503 444630.035 138.947
p233 6165341.804 444636.142 139.147
p234 6165348.146 444632.599 138.947
p235 6165353.972 444629.364 138.847
p236 6165360.298 444625.896 138.747
p237 6165366.339 444622.521 138.746
p238 6165372.424 444619.043 138.446
p239 6165378.460 444615.673 138.346
p240 6165384.087 444612.615 138.346
p241 6165389.181 444609.528 138.646
p242 6165394.250 444606.806 138.746
p243 6165400.366 444603.849 139.246
p244 6165406.421 444599.891 139.346
p245 6165413.752 444604.262 139.846
p246 6165407.619 444607.592 139.246
p247 6165401.355 444611.053 138.746
p248 6165394.776 444614.713 138.646
p249 6165388.257 444618.349 138.446
p250 6165382.044 444621.832 138.446
p251 6165375.892 444625.122 138.546
p252 6165369.890 444628.445 138.646
p253 6165363.739 444632.054 138.847
p254 6165357.730 444635.285 138.947
p255 6165351.460 444638.849 139.147
p256 6165345.264 444642.228 139.347
p257 6165348.703 444648.207 139.347
p258 6165355.037 444644.800 139.047
p259 6165361.160 444641.407 138.847
p260 6165367.144 444638.085 138.647
p261 6165373.431 444634.627 138.746
p262 6165379.459 444631.331 138.446
p263 6165385.187 444628.055 138.346
p264 6165391.999 444624.080 138.346
p265 6165398.698 444620.489 138.246
p266 6165404.798 444617.000 138.346
p267 6165411.043 444613.563 138.846
p268 6165416.798 444610.488 139.646
p269 6165419.612 444617.238 139.446
p270 6165414.027 444619.995 138.446
p271 6165407.760 444623.304 138.246
p272 6165402.122 444626.313 138.446
p273 6165396.181 444629.497 138.246
p274 6165390.014 444632.893 138.146
p275 6165383.834 444636.135 138.446
p276 6165377.840 444639.707 138.546
p277 6165371.836 444642.691 138.446
p278 6165359.755 444649.381 138.847
p279 6165353.481 444652.779 139.447
p280 6165367.537 444653.618 139.747
p281 6165376.958 444644.176 139.246
p282 6165381.849 444643.043 138.946
p283 6165386.493 444643.024 138.746
p284 6165392.364 444639.581 138.346
p285 6165399.285 444635.862 138.346
p286 6165405.636 444632.539 138.346
p287 6165412.020 444629.035 138.346
p288 6165418.534 444625.449 138.546
p289 6165423.922 444622.402 139.146
p290 6165427.061 444628.585 139.146
p291 6165421.157 444632.044 138.446
p292 6165415.037 444635.259 138.246
p293 6165408.860 444638.807 138.146
p294 6165402.732 444641.910 138.146
p295 6165396.946 444645.227 138.246
p296 6165392.680 444647.426 138.446
p297 6165387.576 444650.237 139.046
p298 6165381.972 444652.980 139.046
p299 6165376.883 444656.254 139.346
p300 6165371.247 444659.628 139.547
p301 6165365.067 444662.035 139.547
p302 6165371.045 444667.703 138.147
p303 6165375.896 444665.017 138.247
p304 6165381.478 444662.122 138.746
p305 6165387.211 444658.928 138.746
p306 6165393.158 444655.182 138.446
p307 6165400.563 444651.286 138.246
p308 6165406.389 444648.129 138.146
p309 6165412.486 444644.735 138.246
p310 6165418.724 444641.238 138.546
p311 6165424.504 444637.934 138.646
p312 6165430.435 444634.662 139.346
p313 6165433.529 444640.983 139.546
p314 6165428.044 444644.218 138.746
p315 6165422.222 444647.459 138.446
p316 6165416.116 444650.764 138.346
p317 6165409.981 444654.213 138.046
p318 6165404.101 444657.373 137.846
p319 6165398.129 444660.679 138.246
p320 6165392.262 444664.016 138.346
p321 6165385.963 444667.571 138.146
p322 6165379.958 444670.804 137.847
p323 6165373.584 444674.368 137.847
p324 6165377.402 444680.041 137.947
p325 6165389.709 444673.392 137.846
p326 6165396.025 444669.969 138.146
p327 6165401.668 444666.937 138.246
p328 6165407.679 444663.518 138.246
p329 6165413.487 444660.345 137.846
p330 6165419.422 444656.817 138.246
p331 6165425.714 444653.220 138.446
p332 6165431.365 444649.811 138.646
p333 6165435.775 444645.696 139.546
p334 6165438.402 444650.103 139.546
p335 6165433.368 444655.782 138.746
p336 6165429.297 444658.963 138.646
p337 6165424.636 444661.844 138.446
p338 6165419.949 444666.448 137.546
p339 6165411.112 444669.202 138.046
p340 6165404.952 444672.551 138.246
p341 6165398.938 444676.145 138.146
p342 6165392.669 444679.647 137.646
p343 6165386.301 444683.137 137.547
p344 6165380.477 444686.362 137.847
p345 6165380.109 444695.181 137.747
p346 6165386.132 444691.070 137.747
p347 6165392.221 444687.679 137.246
p348 6165398.569 444684.525 138.046
p349 6165404.534 444680.615 138.146
p350 6165412.246 444677.759 137.546
p351 6165418.329 444673.839 137.546
p352 6165422.729 444673.611 137.646
p353 6165431.347 444669.120 138.346
p354 6165436.753 444666.131 138.646
p355 6165440.990 444662.393 138.946
p356 6165448.905 444661.119 139.346
p357 6165449.874 444663.676 139.346
p358 6165442.867 444667.407 138.946
p359 6165437.100 444670.592 138.646
p360 6165432.141 444674.808 138.546
p361 6165426.452 444677.848 137.846
p362 6165419.565 444680.651 137.846
p363 6165413.528 444684.086 137.846
p364 6165407.365 444687.535 137.746
p365 6165401.270 444691.012 137.946
p366 6165395.231 444694.281 137.746
p367 6165389.098 444697.381 137.647
p368 6165383.064 444701.037 137.647
p369 6165387.045 444706.875 138.047
p370 6165393.586 444703.226 137.847
p371 6165399.592 444699.852 138.146
p372 6165405.543 444696.520 138.146
p373 6165411.449 444693.180 138.046
p374 6165417.714 444689.728 137.946
p375 6165424.155 444686.087 138.146
p376 6165430.222 444682.680 138.246
p377 6165436.676 444679.177 138.446
p378 6165443.091 444675.703 138.646
p379 6165449.379 444671.983 138.846
p380 6165455.316 444668.280 139.346
p381 6165459.227 444674.511 139.146
p382 6165453.220 444677.864 138.746
p383 6165446.792 444681.364 138.546
p384 6165440.121 444685.017 138.546
p385 6165433.778 444688.236 138.446
p386 6165427.819 444692.398 138.346
p387 6165421.471 444695.760 138.146
p388 6165415.150 444699.354 138.246
p389 6165409.331 444702.513 138.246
p390 6165403.268 444705.853 138.246
p391 6165397.246 444709.239 138.047
p392 6165391.016 444712.667 138.047
p393 6165394.804 444718.627 138.447
p394 6165400.933 444715.263 138.347
p395 6165406.728 444711.964 138.446
p396 6165412.708 444708.695 138.546
p397 6165418.771 444705.312 138.346
p398 6165424.824 444701.810 138.246
p399 6165430.805 444698.459 138.446
p400 6165436.558 444694.672 138.546
p401 6165443.368 444691.450 138.346
p402 6165449.852 444687.950 138.346
p403 6165457.010 444684.006 138.746
p404 6165463.218 444680.599 139.046
p405 6165469.958 444684.454 139.146
p406 6165464.073 444688.049 138.846
p407 6165457.555 444691.696 138.646
p408 6165451.544 444695.055 138.446
p409 6165445.452 444698.417 138.446
p410 6165439.424 444701.684 138.446
p411 6165432.805 444704.976 138.546
p412 6165426.919 444708.561 138.446
p413 6165420.868 444712.088 138.446
p414 6165414.699 444715.317 138.346
p415 6165408.483 444718.770 138.346
p416 6165402.021 444722.318 138.347
p417 6165396.028 444725.908 138.347
p418 6165399.835 444731.822 138.447
p419 6165405.863 444728.433 138.547
p420 6165412.083 444724.932 138.346
p421 6165418.199 444721.550 138.346
p422 6165424.342 444718.216 138.346
p423 6165430.581 444714.619 138.446
p424 6165436.621 444711.355 138.446
p425 6165442.688 444707.865 138.346
p426 6165448.877 444704.591 138.246
p427 6165455.043 444701.005 138.246
p428 6165461.196 444697.579 138.446
p429 6165467.367 444694.162 138.746
p430 6165473.579 444690.735 139.146
p431 6165479.512 444695.546 139.546
p432 6165473.197 444698.913 138.846
p433 6165466.556 444702.462 138.546
p434 6165460.633 444705.668 138.246
p435 6165454.641 444709.051 138.146
p436 6165448.591 444712.556 138.246
p437 6165442.450 444715.954 138.346
p438 6165436.304 444719.403 138.446
p439 6165430.135 444722.664 138.346
p440 6165423.961 444726.031 138.346
p441 6165417.953 444729.487 138.346
p442 6165411.635 444733.086 138.546
p443 6165405.351 444736.797 138.347
p444 6165409.428 444742.699 138.347
p445 6165415.508 444739.154 138.346
p446 6165421.677 444735.970 138.346
p447 6165427.892 444732.487 138.446
p448 6165433.898 444728.861 138.246
p449 6165440.102 444725.706 138.246
p450 6165446.226 444722.275 138.246
p451 6165452.269 444718.423 138.246
p452 6165458.446 444715.381 138.046
p453 6165464.555 444711.884 138.246
p454 6165470.847 444708.306 138.546
p455 6165476.784 444704.909 138.846
p456 6165483.018 444701.544 139.546
p457 6165487.019 444707.116 139.745
p458 6165480.741 444710.736 138.946
p459 6165474.461 444714.022 138.246
p460 6165468.431 444717.440 138.146
p461 6165462.414 444720.963 137.946
p462 6165456.129 444724.287 138.046
p463 6165450.074 444727.642 138.046
p464 6165443.952 444731.017 138.046
p465 6165437.585 444734.449 138.246
p466 6165431.679 444737.638 138.246
p467 6165425.451 444741.078 138.146
p468 6165419.044 444745.035 138.246
p469 6165413.234 444748.422 138.347
p470 6165417.827 444753.566 138.047
p471 6165423.041 444750.096 138.046
p472 6165428.973 444746.816 138.146
p473 6165435.098 444743.385 138.246
p474 6165441.180 444740.092 138.246
p475 6165447.394 444736.734 138.046
p476 6165453.380 444733.339 137.946
p477 6165459.523 444730.065 138.046
p478 6165465.636 444726.796 138.046
p479 6165471.733 444723.480 138.046
p480 6165478.006 444720.079 138.246
p481 6165484.090 444716.812 139.046
p482 6165490.240 444713.548 139.745
p483 6165493.707 444719.728 139.945
p484 6165487.500 444723.136 138.946
p485 6165481.552 444726.449 138.346
p486 6165475.103 444729.867 138.146
p487 6165468.925 444733.260 138.046
p488 6165462.663 444736.513 137.946
p489 6165456.532 444739.881 138.046
p490 6165450.647 444743.107 137.946
p491 6165444.398 444746.547 138.046
p492 6165438.440 444749.896 137.946
p493 6165432.556 444753.120 137.946
p494 6165426.494 444756.485 137.946
p495 6165422.036 444759.404 137.947
p496 6165426.246 444764.839 138.046
p497 6165429.887 444762.587 138.046
p498 6165435.797 444759.264 137.946
p499 6165441.540 444756.192 137.946
p500 6165447.646 444752.851 137.846
p501 6165453.710 444749.455 137.946
p502 6165460.003 444746.072 137.946
p503 6165465.987 444742.813 137.946
p504 6165472.109 444739.601 137.946
p505 6165478.193 444736.164 138.146
p506 6165484.643 444732.652 138.346
p507 6165490.951 444729.301 138.846
p508 6165498.111 444725.436 139.745
p509 6165503.690 444729.796 139.945
p510 6165499.640 444732.177 139.345
p511 6165493.261 444735.643 138.646
p512 6165487.742 444738.567 138.346
p513 6165481.199 444742.092 138.046
p514 6165475.061 444745.564 137.846
p515 6165469.031 444748.909 137.846
p516 6165463.167 444752.188 137.846
p517 6165457.037 444755.604 137.846
p518 6165451.184 444758.789 137.946
p519 6165445.109 444762.183 137.946
p520 6165439.061 444765.585 138.046
p521 6165433.041 444769.096 138.046
p522 6165426.728 444772.577 137.847
p523 6165434.057 444776.787 138.146
p524 6165440.310 444773.333 138.046
p525 6165446.507 444769.688 138.246
p526 6165452.455 444766.538 137.946
p527 6165458.626 444763.113 137.746
p528 6165464.775 444759.710 137.746
p529 6165470.172 444756.741 137.746
p530 6165476.333 444753.222 137.846
p531 6165482.391 444749.918 137.946
p532 6165488.533 444746.443 138.146
p533 6165494.351 444743.355 138.346
p534 6165500.659 444739.693 138.746
p535 6165507.082 444736.119 139.745
p536 6165512.955 444740.805 139.945
p537 6165509.074 444743.118 139.345
p538 6165504.236 444745.572 138.646
p539 6165498.470 444749.018 138.346
p540 6165492.566 444752.308 138.146
p541 6165486.465 444755.616 137.846
p542 6165479.878 444759.225 137.746
p543 6165474.584 444762.316 137.746
p544 6165469.233 444765.230 137.746
p545 6165463.933 444768.099 137.746
p546 6165458.761 444770.958 137.946
p547 6165453.578 444773.775 137.746
p548 6165448.121 444776.763 138.046
p549 6165442.926 444779.855 137.946
p550 6165437.721 444782.668 137.946
p551 6165444.124 444787.262 137.846
p552 6165450.001 444783.685 137.846
p553 6165456.435 444780.236 137.846
p554 6165462.773 444776.753 137.846
p555 6165468.834 444773.301 137.746
p556 6165474.845 444769.966 137.746
p557 6165480.914 444766.673 137.646
p558 6165487.175 444763.314 137.646
p559 6165493.282 444759.909 137.846
p560 6165499.356 444756.519 138.046
p561 6165505.421 444753.192 138.346
p562 6165510.817 444750.008 138.845
p563 6165516.912 444746.617 139.745
p564 6165520.026 444753.020 139.645
p565 6165514.100 444756.350 139.145
p566 6165508.458 444759.407 138.346
p567 6165503.160 444762.405 138.246
p568 6165497.883 444765.492 137.846
p569 6165492.806 444768.445 137.846
p570 6165487.569 444771.094 137.846
p571 6165482.327 444774.207 138.046
p572 6165477.012 444777.086 138.046
p573 6165471.811 444780.030 138.046
p574 6165466.462 444782.760 138.046
p575 6165461.178 444785.857 137.946
p576 6165455.927 444788.763 137.846
p577 6165450.595 444791.664 137.846
p578 6165445.473 444794.523 137.646
p579 6165449.962 444799.983 137.746
p580 6165455.140 444797.094 137.846
p581 6165460.422 444794.322 137.746
p582 6165465.502 444791.058 137.946
p583 6165471.116 444788.086 137.846
p584 6165476.328 444785.349 137.846
p585 6165481.557 444782.372 137.746
p586 6165486.800 444779.372 137.946
p587 6165492.023 444776.601 137.846
p588 6165497.376 444773.629 137.746
p589 6165502.964 444770.529 137.846
p590 6165508.650 444767.273 138.046
p591 6165514.343 444764.093 138.445
p592 6165520.108 444760.928 139.145
p593 6165525.842 444757.902 139.545
